#
ft.01 <- "Vas, temp850, ncep_p8_f, Temp, temp700, temp925, ulwrf, shum700, ncep_p5_f, clazz"
ft.02 <- "ncep_p8_z, U850, temp700, shum700, R500, R850, U700, P500, uswrf, clazz"
ft.03 <- "U500, ncep_p8th, ncep_prec, shum400, P500, shum700, ncep_p__v, ncep_p5_z, U700, clazz"
ft.04 <- "ncep_p8_z, ncep_pr_wtr, ncep_p__z, ncep_p__v, ncep_p5zh, U500, ncep_lftx, ncep_p5_z, shum400, P500, shum700, clazz"
ft.05 <- "temp500, R500, V925, ncep_p5_z, ncep_p5_f, V700, U500, ncep_p__u, ncep_prec, shum700, clazz"
ft.06 <- "shum400, shum850, U700, V925, ncep_lftx, temp700, ncep_p8_z, V700, U850, ncep_pr_wtr, clazz"
ft.07 <- "shum850, shum400, ncep_p__u, shum925, ncep_p8th, temp700, U925, ncep_p5th, R850, clazz"
ft.08 <- "U500, Uas, dswrf, ncep_shum, U700, ulwrf, V850, shum700, clazz"
ft.09 <- "Uas, P850, dlwrf, ncep_p__u, ncep_p_th, temp500, shum850, V700, V850, U850, shum300, ncep_pr_wtr, clazz"
ft.10 <- "Uas, ncep_p5th, Vas, ulwrf, ncep_p__v, V925, ncep_p8_z, shum400, R850, ncep_p__f, ncep_pr_wtr, ncep_prec, clazz"
ft.11 <- "ncep_p8zh, U700, ncep_p__v, P500, shum700, clazz"
ft.12 <- "ncep_p5zh, shum300, shum925, Uas, mslp, temp500, P500, shum700, ncep_p5_f, ncep_dswr, clazz"
#
x.ft <- c(ft.01, ft.02, ft.03, ft.04, ft.05, ft.06, ft.07, ft.08, ft.09, ft.10, ft.11, ft.12)
